Position
44
76
100
120
218
264
329
340
353
417
806
1169
1208
1609
1829
1848
1856
1880
1937
1965
1968
2064
2095
2173
2243
2377
2380
2729
2778
3010
3015
3018
3036
3184
3268
3383
3391
3404
3617
3811
3884
4121
4125
4134
4180
4195
4230
4236
4315
4393
4430
4443
4860
5031
5043
5163
5285
5321
5521
5529
5532
5533
5554
5558
5563
5576
5597
5604
5605
5606
5614
5626
5630
5641
5671
5687
5739
5862
5868
5893
5952
6069
6296
6370
6739
6945
6947
7014
7039
7162
7281
7339
7340
7365
7366
7487
7490
7529
7623
7769
7791
7964
8058
8165
8277
8342
8398
8401
8413
8425
8447
8522
8523
8592
8621
8811
8851
8944
9328
9383
9442
9561
9594
9808
9821
9949
9994
10072
10096
10111
10197
10243
10298
10340
10422
10454
10458
10493
10668
10917
11133
11145
11281
11327
11392
11436
11606
11725
12174
12652
12915
12951
13295
13381
13460
13461
13465
13486
13588
13663
13807
13887
13999
14050
14284
14395
14515
14543
14974
15063
15070
15079
15091
15097
15132
15170
15223
15257
15344
15487
15691
15706
15730
15832
15858
15994
16440
16504
16507
16545
16581
16792
16828
16920
16921
16925
17173
17476
17806
17875
17881
18004
18046
18109
18112
18193
18226
18278
18345
18351
18386
18406
18510
18511
18644
18842
18944
18946
