Position
1057
1584
2532
8741
8822
10464
33145
33788
41437
52642
60277
67098
68531
69913
79535
79553
79574
83219
84031
84280
86812
102980
103931
104264
104349
104590
106428
119328
127447
127994
130237
136817
137820
151031
159370
160535
164728
165799
166696
173274
174507
177239
179275
180444
182514
188985
193147
201635
205557
218683
229412
232188
246207
252946
284369
295519
300979
305060
307545
324094
324581
332139
333420
334323
335191
335432
336482
336545
338082
338180
339207
339581
340097
344955
348430
353132
362818
363939
364560
364804
364938
365545
366022
373357
382207
384554
385958
397804
401728
401992
411311
420250
425180
427799
430077
436247
437554
441762
442790
456749
467343
473441
476898
481434
489248
490878
501413
503638
506937
507929
516539
519412
529336
532569
532599
537737
544180
581721
590878
598704
601376
608372
608646
610323
611077
614039
614521
616758
620164
620468
620800
622386
624890
624929
644245
644720
647510
649910
669797
671073
673880
674792
674829
678322
680416
685069
693132
696959
697862
700323
700858
701329
701386
712319
715549
716500
717810
719923
726979
727475
759943
776314
804997
808601
809221
811651
811737
812709
828003
833810
838181
839308
842355
842371
856442
865821
866123
869230
870116
875415
878404
879213
879872
883367
884131
891352
891786
891808
892331
899631
905912
916215
923481
927135
928125
928822
928976
929034
936202
941068
943719
946102
957032
966314
967989
971595
975283
976327
977371
982007
985855
986236
998183
998894
1010882
1011591
1013760
1022556
1026295
1032449
1051786
1053067
1057581
1061817
1066487
1070789
1078400
1081563
1090789
1091584
1091895
1091922
1091955
1094664
1096684
1096802
1104019
1104961
1105946
1109670
1115464
1122817
1124266
1137800
1138057
1139489
1141124
1157833
1165527
1167196
1168458
1168803
1171337
1172340
1177456
1184936
1189967
1190903
1192135
1192308
1192413
1192531
1192573
1192686
1192891
1200252
1206896
1207329
1214540
1214767
1216155
1219094
1224914
1226519
1230875
1249868
1264492
1274217
1275684
1279678
1285158
1293406
1295549
1305821
1319892
1321613
1343258
1343330
1343367
1343449
1343518
1343752
1350189
1355694
1358375
1360349
1365243
1367962
1380170
1412893
1412983
1417739
1417802
1417936
1417958
1420785
1421904
1439426
1442194
1450279
1462067
1470935
1471007
1481562
1498117
1501965
1509487
1517446
1529147
1533175
1535271
1538752
1547541
1547552
1553163
1561745
1564528
1572091
1573855
1575696
1576614
1582413
1583435
1598645
1598943
1599060
1599622
1601835
1607070
1610248
1619153
1619361
1619645
1623517
1627241
1632225
1632253
1632264
1632869
1634476
1634616
1635151
1637765
1637874
1638220
1638267
1638407
1639049
1640918
1642135
1653866
1655032
1677471
1678094
1680480
1690441
1708232
1717086
1740956
1748599
1753740
1764429
1770238
1770364
1772713
1778914
1778947
1779086
1779127
1779263
1788050
1803035
1806623
1817926
1818586
1833330
1834529
1835703
1845620
1852855
1854453
1867183
1878223
1880869
1895958
1905282
1909161
1915461
1915936
1920100
1928859
1929459
1930133
1932972
1933283
1950458
1957978
1958977
1961656
1966482
1971874
1971914
1973039
1986991
1987003
1987138
1993014
1993033
1993050
1993305
1996036
2002061
2007303
2010528
2024890
2025824
2027869
2039619
2046882
2049171
2050664
2051699
2054433
2055285
2056315
2057553
2059249
2059920
2075405
2082521
2089475
2099043
2108042
2115473
2121393
2130196
2145868
2158301
2158330
2158374
2158418
2158606
2158666
2160532
2161721
2162000
2162320
2162346
2162376
2168096
2177421
2180448
2188640
2194081
2205235
2210261
2215255
2222708
2222923
2227445
2228337
2243239
2244454
2245547
2245629
2245672
2245691
2245770
2246992
2249617
2250276
2255566
2256653
2257546
2258858
2264904
2265048
2266656
2283200
2283236
2283371
2284505
2284755
2287616
2288155
2288561
2290230
2290314
2294066
2294177
2295531
2298666
2302485
2311744
2318602
2320158
2324426
2324499
2332873
2333994
2338765
2339770
2347871
2358298
2361398
2365071
2369497
2375846
2378324
2381437
2397934
2404478
2409058
2412437
2416956
2417726
2418267
2422964
2423049
2426072
2444851
2444953
2458252
2472060
2479007
2497022
2498964
2500589
2504981
2506199
2508626
2513801
2522969
2524942
2525399
2528517
2529413
2532958
2552154
2557893
2573753
2575829
2577566
2585506
2586162
2586176
2590330
2592710
2602113
2605581
2608002
2611813
2611826
2611925
2619373
2619831
2621953
2630159
2660345
2665751
2665977
2665994
2667489
2672970
2676407
2684023
2685304
2685322
2693086
2727602
2753432
2756782
2762322
2768188
2773177
2773444
2776152
2780251
2800176
2800221
2800817
2806603
2807507
2807537
2823105
2838052
2839071
2839115
2841682
2850418
2856279
2857452
2870624
2886118
2904564
2916433
2916616
2916650
2916744
2916881
2917044
2921819
2922464
2924775
2933097
2942926
2947196
2947868
2964207
2969622
2970944
2978868
2980962
2982595
2983008
2984156
2997998
3010403
3014195
3015676
3015720
3015749
3016005
3018370
3018593
3036490
3037620
3039266
3040820
3042914
3047477
3049327
3053649
3061118
3063074
3065929
3065950
3068041
3068087
3068837
3069043
3070642
3078372
3080843
3091244
3098932
3100639
3103354
3108533
3108722
3133546
3137471
3137936
3138320
3140165
3140342
3146227
3147614
3154140
3159182
3173568
3187465
3193631
3193687
3203316
3211854
3230333
3247623
3252307
3252488
3259189
3267690
3268411
3269853
3270181
3275468
3277732
3281510
3282696
3285218
3298366
3298877
3306855
3329772
3338298
3342839
3343086
3355777
3366538
3370189
3371156
3394764
3396621
3412640
3416987
3421983
3424719
3439578
3439991
3442538
3442919
3443024
3443277
3444840
3447288
3451869
3464524
3471404
3475610
3482644
3484836
3495510
3498639
3499480
3503847
3517740
3527464
3542084
3545407
3554997
3555017
3556591
3564724
3565642
3574014
3577163
3591063
3609648
3624087
3626128
3642896
3659156
3667823
3673665
3677979
3685568
3692288
3692637
3692964
3695720
3696145
3696688
3696812
3699145
3700150
3704028
3705862
3707555
3710629
3719802
3723554
3725080
3725203
3729351
3730345
3735934
3750698
3758956
3759005
3759854
3760078
3771911
3776571
3776647
3776764
3777220
3777254
3777387
3778473
3803580
3803936
3805467
3809614
3816878
3825654
3830711
3832251
3836350
3836507
3839650
3845895
3849304
3849801
3871159
3873567
3877572
3878184
3879786
3880152
3880272
3880528
3881470
3882439
3882614
3882700
3882725
3883244
3884294
3884315
3884507
3884519
3884784
3890811
3890839
3891720
3891981
3892567
3893036
3893837
3895388
3895719
3895750
3895990
3896539
3896577
3896781
3896818
3897166
3897193
3897387
3901225
3903835
3906137
3908942
3911278
3917051
3919342
3922983
3939504
3940591
3946461
3946491
3947515
3950386
3951446
3957298
3962802
3969490
3978050
3989985
4003821
4006804
4010760
4014022
4015177
4028902
4035908
4036118
4041160
4046956
4061146
4074403
4079392
4080172
4080942
4084130
4084355
4085392
4096612
4107438
4110159
4111415
4118252
4130927
4133879
4140603
4149101
4153166
4160782
4162554
4180986
4181816
4191866
4192042
4194468
4194514
4194551
4198334
4216874
4217177
4220510
4225455
4227256
4236249
4237543
4254809
4259281
4259484
4262230
4286166
4294737
4296252
4298265
4299945
4299969
4308386
4311425
4321337
4323191
4325917
4339036
4342634
4344286
4346083
